# Fase de 3 minutos - Modo Médio

INIMIGO 1 0 506 -10
INIMIGO 1 1000 124 -10
INIMIGO 1 1800 109 -10
POWERUP 1 1800 237 -10
INIMIGO 1 2800 390 -10
INIMIGO 1 3600 411 -10
POWERUP 1 3600 181 -10
INIMIGO 1 4600 132 -10
INIMIGO 2 5400 104 -10
POWERUP 1 5400 142 -10
INIMIGO 1 6400 82 -10
INIMIGO 1 7200 201 -10
POWERUP 1 7200 58 -10
INIMIGO 1 8200 328 -10
INIMIGO 1 9000 364 -10
POWERUP 2 9000 112 -10
INIMIGO 2 10000 137 -10
INIMIGO 1 10800 133 -10
INIMIGO 1 11800 264 -10
INIMIGO 1 12600 218 -10
INIMIGO 1 13600 346 -10
INIMIGO 1 14400 63 -10
POWERUP 2 14400 358 -10
INIMIGO 1 15400 310 -10
INIMIGO 2 16200 360 -10
INIMIGO 1 17200 116 -10
INIMIGO 1 18000 79 -10
INIMIGO 1 19000 497 -10
INIMIGO 1 19800 435 -10
POWERUP 2 19800 76 -10
INIMIGO 1 20800 234 -10
INIMIGO 1 21600 284 -10
INIMIGO 1 22600 155 -10
INIMIGO 2 23400 358 -10
INIMIGO 1 24400 284 -10
INIMIGO 2 25000 249 -10
INIMIGO 2 25200 109 -10
INIMIGO 2 25400 155 -10
INIMIGO 2 25600 476 -10
INIMIGO 2 25800 344 -10
INIMIGO 2 26000 59 -10
INIMIGO 2 26200 472 -10
INIMIGO 2 26400 303 -10
INIMIGO 2 26600 277 -10
INIMIGO 1 26800 85 -10
INIMIGO 1 27800 229 -10
INIMIGO 1 28600 294 -10
INIMIGO 1 29600 202 -10
INIMIGO 1 30400 492 -10
INIMIGO 1 31400 161 -10
INIMIGO 1 32200 480 -10
INIMIGO 1 33200 229 -10
INIMIGO 1 34000 318 -10
POWERUP 1 34000 512 -10
INIMIGO 1 35000 144 -10
INIMIGO 1 35800 138 -10
INIMIGO 2 36700 379 -10
INIMIGO 1 37480 125 -10
POWERUP 1 37480 196 -10
INIMIGO 1 37600 394 -10
INIMIGO 1 38380 461 -10
INIMIGO 1 39160 389 -10
POWERUP 2 39160 198 -10
INIMIGO 2 39280 286 -10
INIMIGO 1 40060 529 -10
INIMIGO 1 40840 415 -10
POWERUP 1 40840 113 -10
INIMIGO 2 40960 378 -10
INIMIGO 1 41740 543 -10
INIMIGO 1 42520 93 -10
POWERUP 2 42520 481 -10
INIMIGO 1 42640 269 -10
INIMIGO 1 43420 107 -10
INIMIGO 1 44200 69 -10
POWERUP 2 44200 67 -10
INIMIGO 2 44320 119 -10
INIMIGO 1 45100 313 -10
INIMIGO 1 45880 451 -10
POWERUP 2 45880 328 -10
INIMIGO 1 46000 451 -10
INIMIGO 1 46780 174 -10
INIMIGO 1 47560 197 -10
POWERUP 1 47560 170 -10
INIMIGO 1 47680 80 -10
INIMIGO 1 48460 368 -10
INIMIGO 1 49240 460 -10
INIMIGO 1 49360 402 -10
INIMIGO 1 50140 407 -10
INIMIGO 1 50920 442 -10
INIMIGO 1 51040 257 -10
INIMIGO 1 51820 419 -10
INIMIGO 1 52600 97 -10
INIMIGO 1 52720 437 -10
INIMIGO 1 53500 282 -10
INIMIGO 2 54280 175 -10
INIMIGO 1 54400 518 -10
INIMIGO 1 55180 517 -10
INIMIGO 1 55960 304 -10
INIMIGO 2 56080 387 -10
INIMIGO 1 56860 428 -10
INIMIGO 2 57640 523 -10
POWERUP 1 57640 309 -10
INIMIGO 2 57760 156 -10
INIMIGO 2 58540 490 -10
INIMIGO 1 59320 136 -10
INIMIGO 2 59440 141 -10
INIMIGO 1 60220 187 -10
INIMIGO 1 61000 382 -10
INIMIGO 1 61120 111 -10
INIMIGO 1 61900 84 -10
INIMIGO 1 62680 160 -10
POWERUP 2 62680 349 -10
INIMIGO 1 62800 79 -10
INIMIGO 1 63580 91 -10
INIMIGO 1 64360 391 -10
POWERUP 2 64360 284 -10
INIMIGO 1 64480 86 -10
INIMIGO 1 65260 326 -10
INIMIGO 1 66040 215 -10
INIMIGO 1 66160 365 -10
INIMIGO 1 66940 342 -10
INIMIGO 1 67720 465 -10
INIMIGO 1 67840 290 -10
INIMIGO 1 68620 418 -10
INIMIGO 1 69400 184 -10
INIMIGO 1 69520 168 -10
INIMIGO 2 70000 537 -10
INIMIGO 2 70200 461 -10
INIMIGO 1 70300 158 -10
INIMIGO 2 70400 176 -10
INIMIGO 2 70600 502 -10
INIMIGO 2 70800 96 -10
INIMIGO 2 71000 108 -10
INIMIGO 2 71200 338 -10
INIMIGO 2 71200 371 -10
INIMIGO 2 71400 528 -10
INIMIGO 2 71600 212 -10
INIMIGO 1 71800 130 -10
POWERUP 2 71800 181 -10
INIMIGO 1 72600 298 -10
INIMIGO 1 73360 247 -10
INIMIGO 1 73400 409 -10
INIMIGO 2 74160 306 -10
INIMIGO 1 74200 274 -10
INIMIGO 1 74920 220 -10
INIMIGO 1 74960 346 -10
INIMIGO 1 75720 436 -10
INIMIGO 1 75760 410 -10
INIMIGO 2 76480 78 -10
POWERUP 2 76480 459 -10
INIMIGO 1 76520 214 -10
INIMIGO 1 77280 472 -10
INIMIGO 1 77320 429 -10
INIMIGO 1 78040 505 -10
POWERUP 2 78040 419 -10
INIMIGO 1 78080 195 -10
INIMIGO 1 78840 124 -10
INIMIGO 1 78880 161 -10
INIMIGO 1 79600 115 -10
POWERUP 1 79600 482 -10
INIMIGO 1 79640 193 -10
INIMIGO 1 80400 461 -10
INIMIGO 2 80440 449 -10
INIMIGO 1 81160 196 -10
POWERUP 2 81160 121 -10
INIMIGO 1 81200 192 -10
INIMIGO 1 81960 447 -10
INIMIGO 1 82000 417 -10
INIMIGO 1 82720 519 -10
INIMIGO 1 82760 60 -10
INIMIGO 1 83520 88 -10
INIMIGO 2 83560 417 -10
INIMIGO 2 84280 434 -10
INIMIGO 1 84320 484 -10
INIMIGO 1 85080 523 -10
INIMIGO 2 85120 402 -10
INIMIGO 1 85840 452 -10
INIMIGO 2 85880 72 -10
INIMIGO 1 86640 472 -10
INIMIGO 2 86680 538 -10
INIMIGO 1 87400 507 -10
POWERUP 1 87400 492 -10
INIMIGO 1 87440 244 -10
INIMIGO 1 88200 378 -10
INIMIGO 1 88240 215 -10
INIMIGO 1 88960 187 -10
INIMIGO 1 89000 161 -10
INIMIGO 2 89760 403 -10
INIMIGO 1 89800 203 -10
INIMIGO 1 90520 449 -10
INIMIGO 1 90560 524 -10
INIMIGO 1 91320 504 -10
INIMIGO 1 91360 236 -10
INIMIGO 2 92080 426 -10
POWERUP 1 92080 499 -10
INIMIGO 1 92120 474 -10
INIMIGO 1 92880 97 -10
INIMIGO 1 92920 89 -10
INIMIGO 2 93640 175 -10
POWERUP 1 93640 260 -10
INIMIGO 1 93680 375 -10
INIMIGO 1 94440 192 -10
INIMIGO 1 94480 332 -10
INIMIGO 1 95200 170 -10
INIMIGO 1 95240 306 -10
INIMIGO 1 96000 85 -10
INIMIGO 1 96040 89 -10
INIMIGO 2 96760 455 -10
INIMIGO 2 96800 286 -10
INIMIGO 1 97560 156 -10
INIMIGO 1 97600 410 -10
INIMIGO 1 98320 297 -10
INIMIGO 1 98360 73 -10
INIMIGO 2 99120 368 -10
INIMIGO 1 99160 236 -10
INIMIGO 2 99880 484 -10
INIMIGO 1 99920 330 -10
INIMIGO 1 100680 446 -10
INIMIGO 1 100720 498 -10
INIMIGO 1 101440 177 -10
INIMIGO 1 101480 195 -10
INIMIGO 1 102240 298 -10
INIMIGO 1 102280 424 -10
INIMIGO 1 103000 132 -10
INIMIGO 1 103040 171 -10
INIMIGO 2 103800 379 -10
INIMIGO 1 103840 291 -10
INIMIGO 1 104560 346 -10
POWERUP 1 104560 231 -10
INIMIGO 1 104600 105 -10
INIMIGO 1 105360 72 -10
INIMIGO 2 105400 174 -10
INIMIGO 1 106120 206 -10
INIMIGO 1 106160 71 -10
INIMIGO 1 106820 332 -10
INIMIGO 2 106960 318 -10
INIMIGO 1 107520 433 -10
INIMIGO 2 107560 228 -10
INIMIGO 1 108220 375 -10
INIMIGO 1 108260 400 -10
INIMIGO 1 108920 503 -10
INIMIGO 2 108960 489 -10
INIMIGO 2 109000 411 -10
INIMIGO 1 109660 142 -10
INIMIGO 1 109700 165 -10
INIMIGO 1 110360 106 -10
INIMIGO 1 110400 145 -10
INIMIGO 2 110440 492 -10
INIMIGO 1 111100 269 -10
INIMIGO 1 111140 491 -10
INIMIGO 1 111800 498 -10
INIMIGO 1 111840 246 -10
INIMIGO 2 111880 149 -10
INIMIGO 1 112540 474 -10
INIMIGO 1 112580 120 -10
INIMIGO 1 113240 214 -10
INIMIGO 1 113280 143 -10
INIMIGO 1 113320 181 -10
INIMIGO 2 113980 165 -10
INIMIGO 1 114020 219 -10
INIMIGO 1 114680 156 -10
INIMIGO 1 114720 58 -10
INIMIGO 2 114760 344 -10
POWERUP 2 114760 327 -10
INIMIGO 2 115000 86 -10
INIMIGO 2 115200 50 -10
INIMIGO 2 115400 159 -10
INIMIGO 2 115420 161 -10
INIMIGO 1 115460 223 -10
INIMIGO 2 115600 257 -10
INIMIGO 2 115800 304 -10
INIMIGO 2 116000 164 -10
INIMIGO 1 116120 411 -10
INIMIGO 1 116160 462 -10
INIMIGO 2 116200 181 -10
INIMIGO 2 116400 507 -10
INIMIGO 2 116600 408 -10
INIMIGO 1 116800 56 -10
INIMIGO 1 116860 74 -10
INIMIGO 2 117500 192 -10
INIMIGO 1 117560 277 -10
INIMIGO 1 118200 93 -10
INIMIGO 2 118240 500 -10
POWERUP 1 118240 190 -10
INIMIGO 2 118900 344 -10
INIMIGO 2 118940 188 -10
INIMIGO 1 119600 273 -10
INIMIGO 1 119640 167 -10
INIMIGO 1 119680 530 -10
INIMIGO 2 120340 72 -10
INIMIGO 2 120380 441 -10
INIMIGO 2 121040 148 -10
INIMIGO 1 121080 474 -10
INIMIGO 1 121120 84 -10
INIMIGO 1 121780 87 -10
INIMIGO 2 121820 435 -10
INIMIGO 1 122480 410 -10
INIMIGO 1 122520 251 -10
INIMIGO 1 122560 100 -10
INIMIGO 2 123220 173 -10
INIMIGO 1 123260 302 -10
INIMIGO 1 123920 421 -10
INIMIGO 1 123960 456 -10
INIMIGO 1 124000 388 -10
INIMIGO 1 124660 543 -10
INIMIGO 2 124700 57 -10
INIMIGO 1 125360 316 -10
INIMIGO 1 125400 532 -10
INIMIGO 1 125440 475 -10
POWERUP 1 125440 435 -10
INIMIGO 1 126100 223 -10
INIMIGO 1 126140 73 -10
INIMIGO 2 126800 249 -10
INIMIGO 1 126840 171 -10
INIMIGO 1 126880 152 -10
POWERUP 1 126880 117 -10
INIMIGO 1 127540 129 -10
INIMIGO 1 127580 76 -10
INIMIGO 1 128240 121 -10
INIMIGO 1 128280 310 -10
INIMIGO 1 128320 403 -10
POWERUP 1 128320 445 -10
INIMIGO 1 128980 251 -10
INIMIGO 1 129020 419 -10
INIMIGO 1 129680 375 -10
INIMIGO 1 129720 361 -10
INIMIGO 1 129760 182 -10
POWERUP 1 129760 151 -10
INIMIGO 1 130420 497 -10
INIMIGO 1 130460 64 -10
INIMIGO 1 131120 320 -10
INIMIGO 1 131160 159 -10
INIMIGO 1 131200 450 -10
INIMIGO 1 131860 441 -10
INIMIGO 2 131900 392 -10
INIMIGO 2 132560 122 -10
INIMIGO 1 132600 133 -10
INIMIGO 1 132640 411 -10
INIMIGO 1 133300 456 -10
INIMIGO 1 133340 509 -10
INIMIGO 1 134000 540 -10
INIMIGO 1 134040 50 -10
INIMIGO 2 134080 254 -10
POWERUP 2 134080 333 -10
INIMIGO 1 134740 299 -10
INIMIGO 1 134780 334 -10
INIMIGO 1 135440 508 -10
INIMIGO 1 135480 285 -10
INIMIGO 1 135520 242 -10
INIMIGO 1 136180 164 -10
INIMIGO 2 136220 159 -10
INIMIGO 1 136880 260 -10
INIMIGO 1 136920 93 -10
INIMIGO 2 136960 270 -10
POWERUP 1 136960 465 -10
INIMIGO 1 137620 384 -10
INIMIGO 1 137660 238 -10
INIMIGO 1 138320 244 -10
INIMIGO 1 138360 431 -10
INIMIGO 1 138400 144 -10
INIMIGO 2 139060 549 -10
INIMIGO 1 139100 353 -10
INIMIGO 1 139760 247 -10
INIMIGO 1 139800 134 -10
INIMIGO 1 139840 364 -10
INIMIGO 1 140500 214 -10
INIMIGO 1 140540 291 -10
INIMIGO 2 141200 536 -10
INIMIGO 2 141240 398 -10
INIMIGO 1 141280 498 -10
INIMIGO 1 141880 199 -10
INIMIGO 1 141940 390 -10
INIMIGO 1 142480 190 -10
INIMIGO 1 142600 121 -10
INIMIGO 1 142640 82 -10
INIMIGO 2 143080 212 -10
INIMIGO 1 143200 357 -10
INIMIGO 1 143680 286 -10
INIMIGO 1 143800 122 -10
INIMIGO 2 143920 184 -10
INIMIGO 2 144280 111 -10
INIMIGO 2 144400 221 -10
INIMIGO 2 144520 145 -10
INIMIGO 1 145000 528 -10
INIMIGO 1 145120 96 -10
INIMIGO 1 145240 371 -10
POWERUP 1 145240 321 -10
INIMIGO 1 145600 323 -10
INIMIGO 1 145720 487 -10
INIMIGO 1 145840 389 -10
INIMIGO 2 146320 112 -10
INIMIGO 1 146440 51 -10
INIMIGO 1 146560 202 -10
POWERUP 1 146560 168 -10
INIMIGO 2 146920 423 -10
INIMIGO 1 147040 334 -10
INIMIGO 1 147160 365 -10
INIMIGO 1 147640 250 -10
INIMIGO 1 147760 370 -10
INIMIGO 1 147880 141 -10
INIMIGO 1 148240 54 -10
INIMIGO 1 148360 434 -10
INIMIGO 2 148480 422 -10
INIMIGO 1 148960 426 -10
INIMIGO 1 149080 254 -10
INIMIGO 1 149200 264 -10
INIMIGO 1 149560 379 -10
INIMIGO 1 149680 329 -10
INIMIGO 1 149800 182 -10
INIMIGO 2 150280 57 -10
INIMIGO 1 150400 497 -10
INIMIGO 1 150520 281 -10
POWERUP 2 150520 277 -10
INIMIGO 1 150880 265 -10
INIMIGO 2 151000 76 -10
INIMIGO 1 151120 516 -10
INIMIGO 1 151600 426 -10
INIMIGO 1 151720 505 -10
INIMIGO 1 151840 284 -10
INIMIGO 1 152200 362 -10
INIMIGO 2 152320 455 -10
INIMIGO 1 152440 233 -10
INIMIGO 1 152920 186 -10
INIMIGO 2 153040 175 -10
INIMIGO 1 153160 455 -10
POWERUP 2 153160 449 -10
INIMIGO 1 153520 382 -10
INIMIGO 1 153640 454 -10
INIMIGO 2 153760 459 -10
INIMIGO 1 154240 422 -10
INIMIGO 1 154360 192 -10
INIMIGO 1 154480 442 -10
POWERUP 1 154480 303 -10
INIMIGO 1 154840 274 -10
INIMIGO 1 154960 480 -10
INIMIGO 1 155080 261 -10
INIMIGO 1 155560 453 -10
INIMIGO 1 155680 358 -10
INIMIGO 1 155800 93 -10
INIMIGO 1 156160 298 -10
INIMIGO 2 156280 510 -10
INIMIGO 1 156400 538 -10
INIMIGO 1 156880 443 -10
INIMIGO 2 157000 382 -10
INIMIGO 2 157120 470 -10
POWERUP 2 157120 341 -10
INIMIGO 1 157480 60 -10
INIMIGO 2 157600 494 -10
INIMIGO 1 157720 517 -10
INIMIGO 1 158200 148 -10
INIMIGO 2 158320 55 -10
INIMIGO 1 158440 422 -10
INIMIGO 1 158800 54 -10
INIMIGO 1 158920 234 -10
INIMIGO 1 159040 110 -10
INIMIGO 1 159520 52 -10
INIMIGO 1 159640 346 -10
INIMIGO 1 159760 378 -10
INIMIGO 2 160000 303 -10
INIMIGO 1 160120 321 -10
INIMIGO 2 160200 346 -10
INIMIGO 1 160240 422 -10
INIMIGO 1 160360 404 -10
INIMIGO 2 160400 333 -10
INIMIGO 2 160600 392 -10
INIMIGO 2 160800 130 -10
INIMIGO 1 160840 390 -10
INIMIGO 1 160960 370 -10
INIMIGO 2 161000 113 -10
INIMIGO 2 161200 477 -10
INIMIGO 2 161400 468 -10
INIMIGO 1 161440 93 -10
INIMIGO 2 161560 295 -10
INIMIGO 2 161600 95 -10
INIMIGO 1 161800 539 -10
POWERUP 2 161800 529 -10
INIMIGO 1 162160 266 -10
INIMIGO 2 162400 326 -10
INIMIGO 2 162760 430 -10
INIMIGO 1 163000 488 -10
INIMIGO 1 163120 124 -10
INIMIGO 2 163600 256 -10
INIMIGO 1 163720 487 -10
INIMIGO 2 164200 415 -10
INIMIGO 1 164320 104 -10
INIMIGO 2 164440 300 -10
POWERUP 2 164440 93 -10
INIMIGO 1 164800 57 -10
INIMIGO 1 164920 459 -10
INIMIGO 1 165040 156 -10
INIMIGO 2 165520 412 -10
INIMIGO 1 165640 217 -10
INIMIGO 1 165760 142 -10
POWERUP 1 165760 468 -10
INIMIGO 1 166120 492 -10
INIMIGO 1 166240 204 -10
INIMIGO 1 166360 514 -10
INIMIGO 1 166840 529 -10
INIMIGO 1 166960 270 -10
INIMIGO 1 167080 173 -10
INIMIGO 1 167440 237 -10
INIMIGO 1 167560 137 -10
INIMIGO 2 167680 92 -10
INIMIGO 1 168160 261 -10
INIMIGO 2 168280 338 -10
INIMIGO 1 168400 467 -10
POWERUP 2 168400 341 -10
INIMIGO 2 168760 363 -10
INIMIGO 1 168880 480 -10
INIMIGO 1 169000 247 -10
INIMIGO 1 169480 392 -10
INIMIGO 1 169600 517 -10
INIMIGO 2 169720 357 -10
POWERUP 2 169720 240 -10
INIMIGO 1 170080 186 -10
INIMIGO 2 170200 245 -10
INIMIGO 1 170320 181 -10
INIMIGO 1 170800 56 -10
INIMIGO 1 170920 357 -10
INIMIGO 1 171040 507 -10
POWERUP 2 171040 127 -10
INIMIGO 2 171400 502 -10
INIMIGO 1 171520 202 -10
INIMIGO 1 171640 380 -10
INIMIGO 1 172120 469 -10
INIMIGO 1 172240 368 -10
INIMIGO 1 172360 182 -10
INIMIGO 1 172720 456 -10
INIMIGO 1 172840 532 -10
INIMIGO 1 172960 383 -10
INIMIGO 1 173440 390 -10
INIMIGO 1 173560 477 -10
INIMIGO 2 173680 379 -10
POWERUP 1 173680 514 -10
INIMIGO 1 174040 482 -10
INIMIGO 1 174160 259 -10
INIMIGO 2 174280 74 -10
INIMIGO 1 174760 252 -10
INIMIGO 1 174880 61 -10
INIMIGO 1 175000 122 -10
POWERUP 2 175000 179 -10
INIMIGO 1 175360 535 -10
INIMIGO 1 175480 278 -10
INIMIGO 1 175500 463 -10
INIMIGO 2 176000 537 -10
INIMIGO 2 176080 113 -10
INIMIGO 2 176200 134 -10
INIMIGO 1 176500 155 -10
INIMIGO 2 176680 172 -10
INIMIGO 1 176700 378 -10
INIMIGO 1 177000 90 -10
INIMIGO 1 177200 268 -10
INIMIGO 1 177400 214 -10
POWERUP 2 177400 58 -10
INIMIGO 2 177500 162 -10
INIMIGO 1 177700 441 -10
INIMIGO 1 177900 365 -10
INIMIGO 1 178000 499 -10
INIMIGO 2 178200 523 -10
INIMIGO 1 178400 342 -10
INIMIGO 1 178600 350 -10
POWERUP 2 178600 284 -10
INIMIGO 1 178700 111 -10
INIMIGO 1 178900 291 -10
INIMIGO 1 179100 391 -10
INIMIGO 1 179200 83 -10
INIMIGO 1 179400 68 -10
INIMIGO 2 179600 131 -10
INIMIGO 1 179800 200 -10
INIMIGO 1 179900 345 -10
INIMIGO 2 180100 180 -10
INIMIGO 2 180300 387 -10
INIMIGO 1 180400 477 -10
INIMIGO 1 180600 224 -10
INIMIGO 1 180800 463 -10
INIMIGO 1 181100 435 -10
INIMIGO 1 181300 509 -10
INIMIGO 1 181600 515 -10
CHEFE 2 45 181100 224 60
INIMIGO 1 181800 308 -10
INIMIGO 2 182300 178 -10
INIMIGO 1 182800 325 -10
